Relatório de treino — libras-live
============================================================

Modelo escolhido: mlp
Macro-F1 (teste real): 0.9692
Acurácia (teste real): 0.9720

Amostras reais por classe (9479 no total):
  A: 730
  B: 779
  C: 696
  D: 701
  E: 764
  F: 200
  G: 200
  H: 200
  I: 460
  J: 200
  K: 200
  L: 350
  M: 359
  N: 338
  O: 350
  P: 200
  Q: 200
  R: 354
  S: 351
  T: 200
  U: 347
  V: 350
  W: 350
  X: 200
  Y: 200
  Z: 200

Treino: 7583 reais -> 15634 com aumento
Aumento: rotação ±12.0°, ruído 0.02, profundidade ±30%, alvo 600/classe

------------------------------------------------------------
Relatório por classe

              precision    recall  f1-score   support

           A       0.99      0.99      0.99       146
           B       0.99      0.96      0.97       156
           C       0.98      0.99      0.99       139
           D       0.99      0.99      0.99       140
           E       1.00      0.99      0.99       153
           F       0.90      0.95      0.93        40
           G       1.00      0.97      0.99        40
           H       0.93      1.00      0.96        40
           I       0.94      0.98      0.96        92
           J       0.95      1.00      0.98        40
           K       1.00      0.95      0.97        40
           L       0.96      0.96      0.96        70
           M       0.96      1.00      0.98        72
           N       0.99      0.97      0.98        68
           O       0.99      0.99      0.99        70
           P       1.00      1.00      1.00        40
           Q       0.97      0.97      0.97        40
           R       0.97      0.96      0.96        71
           S       0.94      0.97      0.96        70
           T       0.94      0.82      0.88        40
           U       0.93      0.94      0.94        69
           V       0.98      0.91      0.95        70
           W       0.90      0.94      0.92        70
           X       1.00      1.00      1.00        40
           Y       1.00      1.00      1.00        40
           Z       1.00      1.00      1.00        40

    accuracy                           0.97      1896
   macro avg       0.97      0.97      0.97      1896
weighted avg       0.97      0.97      0.97      1896

------------------------------------------------------------
Matriz de confusão (linha = real, coluna = predito)

       A   B   C   D   E   F   G   H   I   J   K   L   M   N   O   P   Q   R   S   T   U   V   W   X   Y   Z
   A 144   0   0   0   0   1   0   0   0   1   0   0   0   0   0   0   0   0   0   0   0   0   0   0   0   0
   B   0 150   0   0   0   1   0   0   1   0   0   0   0   0   0   0   0   0   0   1   0   0   3   0   0   0
   C   0   0 138   1   0   0   0   0   0   0   0   0   0   0   0   0   0   0   0   0   0   0   0   0   0   0
   D   0   0   1 138   0   0   0   0   0   0   0   0   0   0   0   0   0   0   0   1   0   0   0   0   0   0
   E   0   0   0   0 151   0   0   0   0   0   0   0   1   0   0   0   1   0   0   0   0   0   0   0   0   0
   F   1   0   0   0   0  38   0   0   0   0   0   1   0   0   0   0   0   0   0   0   0   0   0   0   0   0
   G   0   0   0   0   0   0  39   0   0   0   0   0   0   0   0   0   0   1   0   0   0   0   0   0   0   0
   H   0   0   0   0   0   0   0  40   0   0   0   0   0   0   0   0   0   0   0   0   0   0   0   0   0   0
   I   0   0   1   0   0   0   0   0  90   1   0   0   0   0   0   0   0   0   0   0   0   0   0   0   0   0
   J   0   0   0   0   0   0   0   0   0  40   0   0   0   0   0   0   0   0   0   0   0   0   0   0   0   0
   K   0   0   0   0   0   0   0   1   1   0  38   0   0   0   0   0   0   0   0   0   0   0   0   0   0   0
   L   1   0   0   0   0   0   0   0   0   0   0  67   0   0   1   0   0   0   1   0   0   0   0   0   0   0
   M   0   0   0   0   0   0   0   0   0   0   0   0  72   0   0   0   0   0   0   0   0   0   0   0   0   0
   N   0   0   0   0   0   0   0   0   0   0   0   0   1  66   0   0   0   0   0   0   0   0   1   0   0   0
   O   0   0   0   0   0   0   0   0   1   0   0   0   0   0  69   0   0   0   0   0   0   0   0   0   0   0
   P   0   0   0   0   0   0   0   0   0   0   0   0   0   0   0  40   0   0   0   0   0   0   0   0   0   0
   Q   0   0   0   0   0   0   0   0   0   0   0   0   0   1   0   0  39   0   0   0   0   0   0   0   0   0
   R   0   0   1   0   0   1   0   0   0   0   0   0   0   0   0   0   0  68   0   0   1   0   0   0   0   0
   S   0   0   0   0   0   0   0   0   1   0   0   0   0   0   0   0   0   0  68   0   1   0   0   0   0   0
   T   0   2   0   0   0   1   0   0   0   0   0   1   1   0   0   0   0   0   0  33   0   0   2   0   0   0
   U   0   0   0   0   0   0   0   0   0   0   0   0   0   0   0   0   0   1   1   0  65   1   1   0   0   0
   V   0   0   0   0   0   0   0   1   1   0   0   0   0   0   0   0   0   0   1   0   3  64   0   0   0   0
   W   0   0   0   0   0   0   0   1   1   0   0   1   0   0   0   0   0   0   1   0   0   0  66   0   0   0
   X   0   0   0   0   0   0   0   0   0   0   0   0   0   0   0   0   0   0   0   0   0   0   0  40   0   0
   Y   0   0   0   0   0   0   0   0   0   0   0   0   0   0   0   0   0   0   0   0   0   0   0   0  40   0
   Z   0   0   0   0   0   0   0   0   0   0   0   0   0   0   0   0   0   0   0   0   0   0   0   0   0  40

------------------------------------------------------------
Letras com pior F1

  T: 0.8800  (200 amostras reais)
  W: 0.9231  (350 amostras reais)
  F: 0.9268  (200 amostras reais)
  U: 0.9353  (347 amostras reais)
  V: 0.9481  (350 amostras reais)

Pares mais confundidos (real -> predito)

  V -> U: 3x
  B -> W: 3x
  T -> W: 2x
  T -> B: 2x
  W -> S: 1x
